17022896986  
16462016689  
12139499178  
17022890072  
17023556387  
12064835776  
12064835374  
16462218990  
12064808713  
17022681309  
13322764596  
18605024351  
13802185080  
12064689686  
12393287136  
16462069363  
12392661262  
12393086458  
19843796144  
19843796088  
13802136769  
12064836044  
16462042162
12393284175 
12392019467 
12393284222 
17023093111 
17022664227 
17022895006 
17023099340 
17024912468 
17025731029 
12064837515 
12064930850 
12064835796 
12139499154 
16462209116 
13477602390 
13475649875 
13473837183 
13477569584  
13477993160 
13808956906 
13802184768 
13476161756
19843796096
13322766596
16462076313
16462060102
16462013653
16462089242
17025415296
13808957851
12064460589
12139499057
17542704398
13802138390
17632284440
16462069446
13808953580
17542845975
17542849792
13802186384
17542753355
17024399924
17024707724
16462049815
17025736627
13345339335
19843796068
17542679623
13802236612
13802136670
12064835912
16462624544
12392970316
13802138956
17632029882
13802136035
19843796112
12392970246
19843796045
17542840483
17632213685
12393281814
12138499583
18605030591
12393281971
12064835446
17632097525
17632287408
19843796104
19843796168
17022737976
17542840545
13807103448
12139499027
13322738178
16462085165
13322791176
16462109730
12139490958
13475889652
17632271825
17632270744
16462210229
19732811246
16462339256 
17022664274
17023181980
14043887632
19344144352
14123895239
14796441120
15755175613
17028589898