17804500020
14843530573
16479196133
12365971290
13344294060
14088498502
12564522989
18157571877
14169891938
16155683669
19374509173
13167086615
12505564719
18142821921
16138246758
19548993505
14165805533
16479164579
17045782487
15149958104
13478470597
13154085470
18477075370
18649183477
15879060191
12095683294
12623835759
14389010914
12407806638
15623017911
14166849585
17806174750
18182392185
19197561617
19704442734
17039699961
12489333482
19512255643
18177515552
16478018697
12894004523
14037089095
12508696607
18634485162
19092023691
12895415542
14037035195
19518972190
19374169779
14145448278
16729990645
12566903067
19105463918
19496828130
17209688777
14174893819
12538023133
19053340043
16612120174
17809514848
19407330876
16316399628
15015909876
13014529256
19702619313
19176122367
19142586734
17786682192
18136909770
18182162037
16044174190
13602706911
13479896865
19737146772
19058680579
13097984162
19712895318
19452131991
12508919147
16822529130
15877418954
15702369804
15708928906
17202727268
14313718017
16479193577
14038058027
16134172520
19174544126
14105078783
15872229185
12045106837
19103985176
17097640385
16159988402
16186005109
13524628590
18317766068
18016881340
16232776722
14044418947
14437296490
19073888143
13183662844